A=[1 0 1;1 1 1;1 -1 1]
B =[1;2;1]
x=A\B